20 19
38 1 1 1 1
38 3 1 1 1
38 5 1 1 1
38 7 1 1 1
38 9 1 1 1
38 11 1 1 1
38 13 1 1 1
38 15 1 1 1
38 17 1 1 1
0 0 1 1
0 1 1 1
0 2 1 1
0 3 1 1
0 4 1 1
0 5 1 1
0 6 1 1
0 7 1 1
0 8 1 1
0 9 1 1
0 10 1 1
0 11 1 1
0 12 1 1
0 13 1 1
0 14 1 1
0 15 1 1
0 16 1 1
0 17 1 1
0 18 1 1
0 19 1 1
39 0 1 1
39 1 1 1
39 2 1 1
39 3 1 1
39 4 1 1
39 5 1 1
39 6 1 1
39 7 1 1
39 8 1 1
39 9 1 1
39 10 1 1
39 11 1 1
39 12 1 1
39 13 1 1
39 14 1 1
39 15 1 1
39 16 1 1
39 17 1 1
39 18 1 1
39 19 1 1
5 0 1 1
6 0 1 1
7 0 1 1
8 0 1 1
9 0 1 1
10 0 1 1
11 0 1 1
12 0 1 1
13 0 1 1
14 0 1 1
15 0 1 1
16 0 1 1
17 0 1 1
18 0 1 1
19 0 1 1
20 0 1 1
21 0 1 1
22 0 1 1
23 0 1 1
24 0 1 1
25 0 1 1
26 0 1 1
27 0 1 1
28 0 1 1
29 0 1 1
30 0 1 1
31 0 1 1
32 0 1 1
33 0 1 1
34 0 1 1
35 0 1 1
36 0 1 1
37 0 1 1
38 0 1 1
1 2 1 1
2 2 1 1
3 2 1 1
4 2 1 1
5 2 1 1
6 2 1 1
7 2 1 1
8 2 1 1
9 2 1 1
10 2 1 1
11 2 1 1
12 2 1 1
13 2 1 1
14 2 1 1
15 2 1 1
16 2 1 1
17 2 1 1
18 2 1 1
19 2 1 1
20 2 1 1
21 2 1 1
22 2 1 1
23 2 1 1
24 2 1 1
25 2 1 1
26 2 1 1
27 2 1 1
28 2 1 1
29 2 1 1
30 2 1 1
31 2 1 1
32 2 1 1
7 4 1 1
8 4 1 1
9 4 1 1
10 4 1 1
11 4 1 1
12 4 1 1
13 4 1 1
14 4 1 1
15 4 1 1
16 4 1 1
17 4 1 1
18 4 1 1
19 4 1 1
20 4 1 1
21 4 1 1
22 4 1 1
23 4 1 1
24 4 1 1
25 4 1 1
26 4 1 1
27 4 1 1
28 4 1 1
29 4 1 1
30 4 1 1
31 4 1 1
32 4 1 1
33 4 1 1
34 4 1 1
35 4 1 1
36 4 1 1
37 4 1 1
38 4 1 1
1 6 1 1
2 6 1 1
3 6 1 1
4 6 1 1
5 6 1 1
6 6 1 1
7 6 1 1
8 6 1 1
9 6 1 1
10 6 1 1
11 6 1 1
12 6 1 1
13 6 1 1
14 6 1 1
15 6 1 1
16 6 1 1
17 6 1 1
18 6 1 1
19 6 1 1
20 6 1 1
21 6 1 1
22 6 1 1
23 6 1 1
24 6 1 1
25 6 1 1
26 6 1 1
27 6 1 1
28 6 1 1
29 6 1 1
30 6 1 1
31 6 1 1
32 6 1 1
33 6 1 1
7 8 1 1
8 8 1 1
9 8 1 1
10 8 1 1
11 8 1 1
12 8 1 1
13 8 1 1
14 8 1 1
15 8 1 1
16 8 1 1
17 8 1 1
18 8 1 1
19 8 1 1
20 8 1 1
21 8 1 1
22 8 1 1
23 8 1 1
24 8 1 1
25 8 1 1
26 8 1 1
27 8 1 1
28 8 1 1
29 8 1 1
30 8 1 1
31 8 1 1
32 8 1 1
33 8 1 1
34 8 1 1
35 8 1 1
36 8 1 1
37 8 1 1
38 8 1 1
1 10 1 1
2 10 1 1
3 10 1 1
4 10 1 1
5 10 1 1
6 10 1 1
7 10 1 1
8 10 1 1
9 10 1 1
10 10 1 1
11 10 1 1
12 10 1 1
13 10 1 1
14 10 1 1
15 10 1 1
16 10 1 1
17 10 1 1
18 10 1 1
19 10 1 1
20 10 1 1
21 10 1 1
22 10 1 1
23 10 1 1
24 10 1 1
25 10 1 1
26 10 1 1
27 10 1 1
28 10 1 1
29 10 1 1
30 10 1 1
31 10 1 1
32 10 1 1
33 10 1 1
7 12 1 1
8 12 1 1
9 12 1 1
10 12 1 1
11 12 1 1
12 12 1 1
13 12 1 1
14 12 1 1
15 12 1 1
16 12 1 1
17 12 1 1
18 12 1 1
19 12 1 1
20 12 1 1
21 12 1 1
22 12 1 1
23 12 1 1
24 12 1 1
25 12 1 1
26 12 1 1
27 12 1 1
28 12 1 1
29 12 1 1
30 12 1 1
31 12 1 1
32 12 1 1
33 12 1 1
34 12 1 1
35 12 1 1
36 12 1 1
37 12 1 1
38 12 1 1
1 14 1 1
2 14 1 1
3 14 1 1
4 14 1 1
5 14 1 1
6 14 1 1
7 14 1 1
8 14 1 1
9 14 1 1
10 14 1 1
11 14 1 1
12 14 1 1
13 14 1 1
14 14 1 1
15 14 1 1
16 14 1 1
17 14 1 1
18 14 1 1
19 14 1 1
20 14 1 1
21 14 1 1
22 14 1 1
23 14 1 1
24 14 1 1
25 14 1 1
26 14 1 1
27 14 1 1
28 14 1 1
29 14 1 1
30 14 1 1
31 14 1 1
32 14 1 1
33 14 1 1
16 15 1 1
15 16 1 1
14 17 1 1
17 15 1 1
17 16 1 1
17 17 1 1
17 18 1 1
2 15 1 1
2 16 1 1
2 17 1 1
2 18 1 1 
3 18 1 1
4 18 1 1
5 15 1 1
11 15 1 1
6 16 1 1
10 16 1 1
7 17 1 1
9 17 1 1
8 18 1 1
1000 1000 2
