20 19
36 1 4 1 1
36 0 4 1 1
34 1 4 1 1
34 0 4 1 1
32 1 4 1 1
32 0 4 1 1
36 2 3 1 1
36 4 3 1 1
36 6 3 1 1
36 8 3 1 1
36 10 3 1 1
36 12 3 1 1
36 3 3 1 2
36 5 3 1 2
36 7 3 1 2
36 9 3 1 2
36 11 3 1 2
36 13 3 1 2
0 0 1 1
0 1 1 1
0 2 1 1
0 3 1 1
0 4 1 1
0 5 1 1
0 6 1 1
0 7 1 1
0 8 1 1
0 9 1 1
0 10 1 1
0 11 1 1
0 12 1 1
0 13 1 1
0 14 1 1
0 15 1 1
0 16 1 1
0 17 1 1
0 18 1 1
0 19 1 1
39 0 1 1
39 1 1 1
39 2 1 1
39 3 1 1
39 4 1 1
39 5 1 1
39 6 1 1
39 7 1 1
39 8 1 1
39 9 1 1
39 10 1 1
39 11 1 1
39 12 1 1
39 13 1 1
39 14 1 1
39 15 1 1
39 16 1 1
39 17 1 1
39 18 1 1
39 19 1 1
2 0 1 1
2 1 1 1
2 2 1 1
2 3 1 1
2 5 1 1
2 6 1 1
2 7 1 1
2 8 1 1
2 10 1 1
2 11 1 1
2 12 1 1
2 13 1 1
37 0 1 1
37 1 1 1
37 2 1 1
37 3 1 1
37 5 1 1
37 6 1 1
37 7 1 1
37 8 1 1
37 10 1 1
37 11 1 1
37 12 1 1
37 13 1 1
2 15 1 1
2 16 1 1
2 17 1 1
2 18 1 1 
3 18 1 1
4 18 1 1
5 15 1 1
11 15 1 1
6 16 1 1
10 16 1 1
7 17 1 1
9 17 1 1
8 18 1 1
14 15 1 1
16 15 1 1
18 15 1 1
14 16 1 1
16 16 1 1
18 16 1 1
14 17 1 1
16 17 1 1
18 17 1 1
14 18 1 1
16 18 1 1
18 18 1 1
1 1 1 1
38 1 1 1
1 1 3 