20 19
38 2 3 1 1
38 4 3 1 1
38 6 3 1 1
38 8 3 1 1
38 10 3 1 1
38 12 3 1 1
0 0 1 1
0 1 1 1
0 2 1 1
0 3 1 1
0 4 1 1
0 5 1 1
0 6 1 1
0 7 1 1
0 8 1 1
0 9 1 1
0 10 1 1
0 11 1 1
0 12 1 1
0 13 1 1
0 14 1 1
0 15 1 1
0 16 1 1
0 17 1 1
0 18 1 1
0 19 1 1
39 0 1 1
39 1 1 1
39 2 1 1
39 3 1 1
39 4 1 1
39 5 1 1
39 6 1 1
39 7 1 1
39 8 1 1
39 9 1 1
39 10 1 1
39 11 1 1
39 12 1 1
39 13 1 1
39 14 1 1
39 15 1 1
39 16 1 1
39 17 1 1
39 18 1 1
39 19 1 1
0 1 1 1
1 1 1 1
2 1 1 1
3 1 1 1
4 1 1 1
5 1 1 1
6 1 1 1
7 1 1 1
8 1 1 1
9 1 1 1
10 1 1 1
11 1 1 1
12 1 1 1
13 1 1 1
14 1 1 1
15 1 1 1
16 1 1 1
17 1 1 1
18 1 1 1
19 1 1 1
21 1 1 1
22 1 1 1
23 1 1 1
24 1 1 1
25 1 1 1
26 1 1 1
27 1 1 1
28 1 1 1
29 1 1 1
30 1 1 1
31 1 1 1
32 1 1 1
33 1 1 1
34 1 1 1
35 1 1 1
36 1 1 1
37 1 1 1
38 1 1 1
39 1 1 1
0 3 1 1
1 3 1 1
2 3 1 1
3 3 1 1
4 3 1 1
5 3 1 1
6 3 1 1
7 3 1 1
8 3 1 1
9 3 1 1
10 3 1 1
11 3 1 1
12 3 1 1
13 3 1 1
14 3 1 1
15 3 1 1
16 3 1 1
17 3 1 1
18 3 1 1
19 3 1 1
21 3 1 1
22 3 1 1
23 3 1 1
24 3 1 1
25 3 1 1
26 3 1 1
27 3 1 1
28 3 1 1
29 3 1 1
30 3 1 1
31 3 1 1
32 3 1 1
33 3 1 1
34 3 1 1
35 3 1 1
36 3 1 1
37 3 1 1
38 3 1 1
39 3 1 1
0 5 1 1
1 5 1 1
2 5 1 1
3 5 1 1
4 5 1 1
5 5 1 1
6 5 1 1
7 5 1 1
8 5 1 1
9 5 1 1
10 5 1 1
11 5 1 1
12 5 1 1
13 5 1 1
14 5 1 1
15 5 1 1
16 5 1 1
17 5 1 1
18 5 1 1
19 5 1 1
21 5 1 1
22 5 1 1
23 5 1 1
24 5 1 1
25 5 1 1
26 5 1 1
27 5 1 1
28 5 1 1
29 5 1 1
30 5 1 1
31 5 1 1
32 5 1 1
33 5 1 1
34 5 1 1
35 5 1 1
36 5 1 1
37 5 1 1
38 5 1 1
39 5 1 1
0 7 1 1
1 7 1 1
2 7 1 1
3 7 1 1
4 7 1 1
5 7 1 1
6 7 1 1
7 7 1 1
8 7 1 1
9 7 1 1
10 7 1 1
11 7 1 1
12 7 1 1
13 7 1 1
14 7 1 1
15 7 1 1
16 7 1 1
17 7 1 1
18 7 1 1
19 7 1 1
21 7 1 1
22 7 1 1
23 7 1 1
24 7 1 1
25 7 1 1
26 7 1 1
27 7 1 1
28 7 1 1
29 7 1 1
30 7 1 1
31 7 1 1
32 7 1 1
33 7 1 1
34 7 1 1
35 7 1 1
36 7 1 1
37 7 1 1
38 7 1 1
39 7 1 1
0 9 1 1
1 9 1 1
2 9 1 1
3 9 1 1
4 9 1 1
5 9 1 1
6 9 1 1
7 9 1 1
8 9 1 1
9 9 1 1
10 9 1 1
11 9 1 1
12 9 1 1
13 9 1 1
14 9 1 1
15 9 1 1
16 9 1 1
17 9 1 1
18 9 1 1
19 9 1 1
21 9 1 1
22 9 1 1
23 9 1 1
24 9 1 1
25 9 1 1
26 9 1 1
27 9 1 1
28 9 1 1
29 9 1 1
30 9 1 1
31 9 1 1
32 9 1 1
33 9 1 1
34 9 1 1
35 9 1 1
36 9 1 1
37 9 1 1
38 9 1 1
39 9 1 1
0 11 1 1
1 11 1 1
2 11 1 1
3 11 1 1
4 11 1 1
5 11 1 1
6 11 1 1
7 11 1 1
8 11 1 1
9 11 1 1
10 11 1 1
11 11 1 1
12 11 1 1
13 11 1 1
14 11 1 1
15 11 1 1
16 11 1 1
17 11 1 1
18 11 1 1
19 11 1 1
21 11 1 1
22 11 1 1
23 11 1 1
24 11 1 1
25 11 1 1
26 11 1 1
27 11 1 1
28 11 1 1
29 11 1 1
30 11 1 1
31 11 1 1
32 11 1 1
33 11 1 1
34 11 1 1
35 11 1 1
36 11 1 1
37 11 1 1
38 11 1 1
39 11 1 1
0 13 1 1
1 13 1 1
2 13 1 1
3 13 1 1
4 13 1 1
5 13 1 1
6 13 1 1
7 13 1 1
8 13 1 1
9 13 1 1
10 13 1 1
11 13 1 1
12 13 1 1
13 13 1 1
14 13 1 1
15 13 1 1
16 13 1 1
17 13 1 1
18 13 1 1
19 13 1 1
21 13 1 1
22 13 1 1
23 13 1 1
24 13 1 1
25 13 1 1
26 13 1 1
27 13 1 1
28 13 1 1
29 13 1 1
30 13 1 1
31 13 1 1
32 13 1 1
33 13 1 1
34 13 1 1
35 13 1 1
36 13 1 1
37 13 1 1
38 13 1 1
39 13 1 1
2 15 1 1
2 16 1 1
2 17 1 1
2 18 1 1 
3 18 1 1
4 18 1 1
5 15 1 1
11 15 1 1
6 16 1 1
10 16 1 1
7 17 1 1
9 17 1 1
8 18 1 1
14 15 1 1
15 15 1 1
16 15 1 1
17 15 1 1
16 16 1 1
17 16 1 1
14 17 1 1
15 17 1 1
14 18 1 1
15 18 1 1
16 18 1 1
17 18 1 1
1000 10000 2 